start	end	duration	text
2760	3320	560	.
3530	4800	1270	"Die ""Rundschau"" mit Sandro Brotz."
6690	8160	1470	Schön, dass Sie bei uns sind. Das sind heute die Themen:
9680	14520	4840	1:1-Untertitelung. Livepassagen können Fehler enthalten.
14660	15160	500	.
16219.999999999998	18640	2420	So unterstützen Schweizer die Kämpfer.
20360	23280	2920	Konzern speist Opfer in Sambia ab.
25010	28360	3350	Harter Kampf um Lohnerhöhungen.
30850	33680	2830	Guten Abend zum Polit-Magazin, live aus dem Studio 4.
33890	38080	4190	Sie wohnen in der Schweiz, aber ihr Herz haben sie in Kobani -
38220	40760	2540	die rund 60'000 Kurdinnen und Kurden unter uns.
40940	43680	2740	Sie wollen nicht länger zuschauen, wie ihre Familien in Syrien
43890	46840	2950	von Kämpfern des selbsternannten Islamischen Staates
46940	49280	2340	regelrecht abgeschlachtet werden.
49450	51800	2350	Jetzt sammeln die Kurden in der Schweiz Geld -
51880	55000	3120	für Medikamente, für Kleider und für Waffen.
55130	57240	2110	Andere ziehen gleich ins Kampfgebiet.
57400	59800	2400	"Die ""Rundschau""-Reportage von Thomas Vogel,"
59940	62120	2180	Jürg Brandenberger und Kurt Pelda.
63280	67360	4080	Eine Stadt stirbt, und die Welt schaut zu.
67510	70800	3290	Die Kämpfer des Islamischen Staates filmen sich selbst dabei,
71010	75440	4430	wie sie in der Stadt Kobani Haus für Haus erobern.
75520	78360	2840	Schrei: Allahu akbar!
78470	81520	3050	Die Kurden, die ihre Stadt verteidigen,
81700	85080	3380	stellen ebenfalls ihre Bilder ins Netz.
85220	89240	4020	Sie zeigen einen schier aussichtlosen Kampf schlecht ausgerüsteter Soldaten
89380	92400	3020	in einer eingekesselten Stadt.
94240.00000000001	97759.99999999999	3520	Cahit Ucar gehen diese Bilder nicht aus dem Kopf.
97970	99920	1950	Der Kurde sass in der Türkei im Gefängnis.
100070	101520.00000000001	1450	Danach flüchtete er
101660	104520.00000000001	2860	und machte sich in Zürich als Schneider selbstständig.
104670	109200	4530	Hier geht es ihm gut. Dennoch ist Ucar unglücklich.
109450	113800	4350	Ich bin da, aber mein Herz ist in Kobani.
113960.00000000001	116640	2680	Ich bin nicht motiviert für die Arbeit.
116729.99999999999	119320	2590	Das ist im Moment schwierig.
119400	122520	3120	Gott sei dank funktioniert die Telefonverbindung.
122730	126280	3550	Ucar ruft in die belagerte Stadt Kobani an.
126360	129400	3040	Wie ist die Lage in Kobani?
131560	135280	3720	Seit 3 Tagen füllen die IS-Kämpfer ihre Autos mit Sprengstoff
135510	139960	4450	und fahren sie zu unseren Stellungen - bereits 6-, 7-, 8-mal.
140110	143040	2930	Wir haben sie bis jetzt immer rechtzeitig entdeckt.
143170.00000000003	145320	2150	Die Autos der Feinde explodieren,
145460	148800	3340	bevor sie unsere Stadt erreicht haben.
150730	153480	2750	Rund 60'000 Kurden leben in der Schweiz.
153690	155600	1910	Sie pflegen ein enges Kontaktnetz.
155850	158880	3030	Wie Cahit Ucar wollen sie nicht länger zuschauen,
158970	162320	3350	wie ihre Landsleute in Syrien reihenweise getötet werden.
162470	165120	2650	Am letzten Wochenende protestierten sie in Zürich
165240	167490	2250	gegen die Belagerung der Stadt Kobani.
167579.99999999997	171050	3470	Laute Rufe
171250	174690	3440	Die jungen Männer sind voller Wut auf die IS-Armee.
174900	177850	2950	Für sie ist klar: Kobani darf nicht fallen.
177940	180350	2410	Wenn zu wenig Kämpfer dort sind, dann gehe ich hin.
180480	182590	2110	Um für mein Land zu kämpfen.
182730	185070	2340	Auch wenn sie mit dem Tod dafür bezahlen müssten?
185350	188630	3280	Ja. Das ist mein Volk, und ich würde für mein Volk sterben.
188740	195350	6610	Tod oder Freiheit! Tod oder Freiheit!
195510	197910	2400	Die Wut entsteht durch die Bilderflut,
198140	200910	2770	die aus dem Kriegsgebiet im Internet verbreitet wird.
201010	202480	1470	Der 16-jährige Shera
202670.00000000003	206840	4170	hat Fotos von geköpften Kurden auf seinem Facebook-Profil gepostet.
207060	211079.99999999997	4020	Arme Zivilisten sind da betroffen. Sie werden umgebracht, geköpft.
211190	214560	3370	Das ist nicht gut.
214660	217360	2700	Kannst da noch gut schlafen, wenn du solche Bilder anschaust?
217520	220320	2800	Manchmal träume ich schlecht. Aber sonst schon.
220480	225040	4560	Ich mache es ja nur, damit andere Menschen sehen, was los ist.
227900	232920.00000000003	5020	Es sind zunehmend Frauen, die gegen den IS zu den Waffen greifen.
233160	237480	4320	Die Kurden betonen gern, wie gleichberechtigt ihre Frauen sind.
237700	239840	2140	Die Videos der kurdischen Armee
239950	242600	2650	zeigen sie hier an der Ostfront in Syrien.
244900	248760	3860	An einer Versammlung in Zürich berichtet eine Kurdin,
249020	252490	3470	wie Frauen ihr Land mit der Waffe verteidigen.
252690	255650	2960	Für die IS-Kämpfer ist es irritierend,
255850	258850.00000000003	3000	dass sie gegen Soldatinnen antreten müssen.
258959.99999999997	261410.00000000003	2450	Die Männer fürchten sich vor ihnen.
262840	265810	2970	Sie haben Angst, von einer Frau erschossen zu werden,
266020	269770	3750	weil sie glauben, dass sie dann in die Hölle kommen.
269870	272610	2740	Nicht ins Paradies, sondern in die Hölle.
272710	276890	4180	Weil für sie die Frau innerhalb der Gesellschaft nichts zu sagen hat,
277000	278850	1850	wenn der Mann da ist.
280460	282330	1870	Die Märtyrer sind wie Heilige,
282480	284810	2330	einige von ihnen haben Verwandte in der Schweiz.
285020	289490	4470	Besondere Verehrung findet die Selbstmordattentäterin Arin Mirkan.
289640	291850	2210	Sie band sich einen Sprengstoffgürtel um
292010	295530	3520	und jagte sich vor einem IS-Panzer in die Luft.
295780	298450	2670	So eine Aktion als eine junge Frau durchzuführen,
298540	301530	2990	schafft einen Stolz bei der kurdischen Bevölkerung,
301720	304450	2730	weil sie sich für ihr Volk geopfert hat.
304560	306730	2170	Cahit Ucar, der Schneider,
306930	310170	3240	war vor 3 Wochen noch in der belagerten Stadt Kobani.
310420	315210	4790	"Dort führte er einen ""Rundschau""-Reporter an die Front."
315360	319730	4370	Nur wenige Kilometer entfernt befanden sich die IS-Soldaten.
322700	326250	3550	In der Stadt besucht Ucar in einem Spital die Schwerverletzten.
326420	329170	2750	Die Menschen in Kobani sind von 2 Seiten bedroht:
329280	332810	3530	von den IS-Kämpfern und von den türkischen Grenzsoldaten.
332970	337170	4200	Dieser Mann zahlte die Flucht in die Türkei mit seinem Leben.
338980	341690	2710	Der Bruder ist gestorben, der Vater ist mitgegangen
341900	344290	2390	auf die andere Seite der Grenze in die Türkei.
344420	345890	1470	Er ist gestorben.
346090.00000000006	348370	2280	Er hinterlässt auch 2 Kinder und die Mutter.
348490	350450	1960	Es war auf der Grenze, an den Minen.
350659.99999999994	352930	2270	Jetzt warten sie an der Grenze zwischen den Minen.
353040	354530	1490	Sie können nicht kommen.
354670	356890	2220	Die Lebensmittel in der eingekesselten Stadt
357090.00000000006	359250	2160	seien knapp geworden, erzählt uns Ucar.
359310	361650	2340	Mit Hunger kämpft es sich schlecht.
361840	364770	2930	Doch die jungen Soldaten geben nicht auf.
366090	368770	2680	Kämpfer haben eine hohe Moral.
368860	371570	2710	Auch viele Junge, 18 Jahre alt, 20 Jahre alt.
371780	374930	3150	Jeder ist wie ein Held. Sie möchten nicht sterben.
375110	378250	3140	Aber sie möchten nicht, dass der IS weitergeht.
378330	381490	3160	Sie möchten das hier verteidigen und sind bereit zu sterben.
383850	386770	2920	In einem Vereinslokal in Biel schauen die Kurden sorgenvoll
386980	389410	2430	auf die Kriegsbilder aus Kobani.
389650	391130	1480	Am Montag hiess es,
391330	394570	3240	die Dschihadisten hätten die Stadt von mehreren Seiten angegriffen.
394659.99999999994	396770	2110	Die Kämpfe werden brutaler.
396950	400970	4020	Sema Duruk verfolgt ständig, was in den Nachrichten passiert.
401210	404610	3400	Sie ist voller Sorge um ihre Freunde, die dort kämpfen.
404810	408770	3960	Hier haben wir einen Kämpfer, der vor 6 Jahren gegangen ist.
408940	411050	2110	Er ist immer noch unten.
411210	413010	1800	Wie denken Sie darüber?
413210	416050	2840	Wir können das nicht verhindern bei Jugendlichen,
416220	420530	4310	wenn sie gehen wollen, dann gehen sie.
420700	422890	2190	Das können wir nicht verhindern.
422990	425970	2980	Wir schauen, dass sie möglichst nicht gehen.
426150	430130	3980	Sie können auch hier etwas für die Kurden machen.
430270	434210	3940	Doch was können die Kurden hier ausrichten?
434450	437410	2960	Darüber reden sie sich hier in Biel die Köpfe heiss.
437660	440210	2550	Im Raum steht eine Kartonschachtel für Geldspenden.
440290	443810	3520	Vorgesehen für Nahrung und Medikamente.
444020	446490	2470	Wird auch Geld für Waffen gesammelt?
446600	448690	2090	Ja, das wird auch gesammelt.
448940	451330	2390	Wir können nicht mit schlechten Waffen
451520	454290	2770	gegen schwere Tanker oder modernste Waffen kämpfen.
454320	455610	1290	Das ist unmöglich.
455740	458610	2870	Damit wir sie besiegen können,
458820	462490	3670	brauchen wir schwere und moderne Waffen.
462700	466210	3510	Sema Duruk musste mit 10 Jahren mitansehen,
466390	470170	3780	wie ihr Vater vor ihren eigenen Augen erschossen worden ist.
470370	472930	2560	Im Vereinslokal hängen die Bilder der Märtyrer -
473020	475570	2550	für Kurden sind sie alle Helden.
475770	478690	2920	Ich selbst wäre runtergegangen, wenn ich jung wäre.
478870	481130	2260	Aber ich habe eine Familie, ich habe Kinder.
481300	482930	1630	Für die muss ich sorgen.
485600	487690	2090	Die Kurden hegen neue Hoffnung.
487850	490890	3040	Jetzt fliegen US-Bomber Angriffe auf Stellungen der IS.
491120	494050	2930	Doch die Waffen, die der Westen für die kurdischen Kämpfer abwirft,
494210	496930	2720	erreichen nicht immer ihren Adressaten.
497080	499100	2020	Triumphierend führt die IS vor,
499260	502660	3400	wie eine Lieferung irrtümlich in ihre Hände gelangt ist.
505910	508900	2990	Die Kunden in Cahit Ucars Schneiderei wissen nicht,
508980	511940	2960	wie lange sie ihre Hosen noch zum Kürzen bringen können.
512150	515700.00000000006	3550	Wahrscheinlich müssen sie sich bald einen neuen Schneider suchen.
515789.99999999994	517460.00000000006	1670	Und wie geht es dir?
517539.99999999994	519659.99999999994	2120	Ich will wieder gehen.
519850	523659.99999999994	3810	Aber ich muss schauen wegen der Arbeit und eine Lösung finden.
523780	528540	4760	Aber ich will. Ich weiss aber nicht, ob ich gehe oder nicht.
528590	532340	3750	Mein Herz und mein Hirn, das alles ist im Moment in Kobani.
532460	536420	3960	Seine Frau weiss, dass sie ihn nicht halten kann.
536670	540540	3870	In der Schlacht um Kobani wird derzeit jeder gebraucht.
542140	543660	1520	Unklar bleibt zur Stunde,
543890	546340	2450	ob der IS in Kobani auch Giftgas eingesetzt hat.
546440	549500	3060	Augenzeugenberichte wurden bisher nicht offiziell bestätigt.
550840	553580	2740	Glencore und die Asthma-Toten von Sambia:
553790	556580	2790	Darum ging es im vergangenen Frühling hier in dieser Sendung.
556680	559300	2620	Wir zeigten die Schicksale von Männern, Frauen und Kindern
559570	562140	2570	in Sambia - sie starben an Asthma-Anfällen.
562230	565220	2990	Wir berichteten über Bauern, die zerstörte Felder beklagten.
565390	568820	3430	Klar ist - und das haben auch unsere eigenen Messungen gezeigt:
568960	573060	4100	Die Kupferfabrik des Schweizer Rohstoffmultis verpestet die Luft.
573220	577100	3880	"Glencore-Manager Michael Fahrbach kündigte im ""Rundschau""-Studio an,"
577250	580820	3570	eine Filteranlage werde das Problem aber beheben.
582210	584820	2610	Wir sprechen heute - Mitte März - und werden in 2 Wochen
584950	587780	2830	ungefähr diese Anlage, von der Sie dort sprechen, in Betrieb nehmen
587980	591140	3160	und die Luftsituation wird sich in Mufulira zu dem wenden,
591310	592700	1390	wie wir sie brauchen.
594330	596580	2250	Das war vor 7 Monaten. Was hat sich verändert?
596750	598700	1950	Ist die Situation für die Menschen besser geworden?
598840	600020	1180	Wir haben neue Fakten -
600230	603260	3030	und neue Fragen an Michael Fahrbach, live hier im Studio.
603420	606700	3280	Zunächst aber der erneute Augenschein meines Kollegen Res Gehriger -
606790	609300	2510	"die ""Rundschau""-Recherche aus Sambia."
610500	614500	4000	Beim Filmen schmecken wir das Schwefeldioxid auf der Zunge.
614710	618980	4270	Die Augen brennen. Aber vielleicht trügt ja der erste Eindruck.
619110	621260	2150	Es ist Anfang Oktober.
621400	625340	3940	Die neue Filteranlage beim Kupferwerk ist seit Juni in Betrieb.
625540	628780	3240	Eigentlich sollten die Nachbarn der Glencore-Fabrik
628930	631100	2170	wieder tief durchatmen können.
631220	633980	2760	Wir sind bei Maggie Mupanga und ihrer Familie.
634190	637140	2950	Sie wohnen direkt neben dem Schmelzofen.
637280	642700	5420	Im März berichteten wir über das Augenleiden ihres Sohns Abeo
642800	645740	2940	und über den tragischen Tod ihres 4-monatigen Babys.
645950	649210	3260	Es hatte Fabrikabgase eingeatmet, einen Hustenanfall erlitten
649320	651690	2370	und war im Spital gestorben.
651910	656130	4220	Die Situation hat sich kaum verbessert.
656280	660490	4210	Die Abgase kommen nach wie vor - und sie sind immer noch sehr aggressiv.
660620	662890	2270	Man kann es an den Pflanzen sehen.
663010	666490	3480	Auch jetzt gerade spürt man, wie stark die Abgase sind.
668750	674330	5580	Am nächsten Tag. Glencore holt uns mit dem Bus zum Interview ab.
674480	679250	4770	Das ist die Führungsriege von Glencores Mopani Copper Mines.
679330	682620	3290	Hier tragen wir die Klagen aus der Nachbarschaft vor.
682770	686230	3460	Die Leute beschwerten sich, und ich muss sagen,
686350	690430	4080	dass ich es selbst gespürt habe, meine Augen brannten.
690610	693270	2660	Wann war das? Am Samstag.
693360	695350	1990	Stopp.
695530	697750	2220	Die folgende Antwort dürfen wir nicht senden,
697980	700590	2610	Glencore hat sie nachträglich zurückgezogen.
700720	702230	1510	Der CEO hatte gesagt,
702430	705710	3280	der Filter habe an diesem Tag einwandfrei funktioniert.
705790	708030	2240	Doch mehr dazu später in der Sendung.
708110	710710	2600	Weiter gehts, aufs Betriebsgelände.
710790	713910	3120	Über den Kaminen ist diesmal kein Rauch auszumachen.
714140	718030	3890	Eine Gruppe sambischer Politiker ist mit uns auf der Tour.
718230	721600	3370	Das Mitführen einer Gasmaske ist für Besucher Pflicht.
721730	726880	5150	Only the clean gas is coming thorough the stack.
727050	730240	3190	Hier werden die Abgase in Schwefelsäure umgewandelt,
730280	733320	3040	ein gefragtes Produkt im Bergbau.
733590	736600	3010	Klar seien Reparaturen manchmal nötig, sagen die Manager -
736760	740520	3760	aber sonst sei man hier mächtig stolz auf die neue Fabrik.
740660	743340	2680	Der Blick auf die andere Seite des Zauns.
743420	746540	3120	Hier treffen wir Menschen, die aufgebracht sind.
746720	751660	4940	Sie erzählen uns von einem Vorfall Mitte August, als etliche Anwohner,
751820	756140	4320	darunter Kinder, Spitalpflege benötigten.
756240	759180	2940	Am 15. August
759260	763460	4200	hatte die Anlage plötzlich Schwefeldioxid ausgestossen.
763670	767780	4110	Die Anwohner protestierten, drückten ein Tor ein. Steine flogen.
767980	771460	3480	Der Riot, der Krawall, war Thema in der Presse.
771550	774220	2670	Die Polizei setzte Tränengas ein.
774320	778940	4620	Glencore gesteht ein: Die Anlage hatte ein Leck, ein kleines.
779060	783660	4600	Die Menge an Gas war viel geringer als alles,
783800	786220	2420	was früher ausgestossen wurde.
786380	791740	5360	Ich denke, es war eine Überreaktion, die die Unruhen ausgelöst hat.
791950	794660	2710	Wir sind zurück im Quartier
794820	797420	2600	und treffen die Familie von Priscah Mutale.
797560	800820	3260	Wir wollen ihre Version der Ereignisse hören.
801010	804140	3130	Am 15. August war Priscas Vater zu Besuch.
804310	810740	6430	Es war Essenszeit, als sich plötzlich Schwefelgeruch ausbreitete:
810980	814060	3080	Mein Vater ass mit uns Maisbrei.
814260	817940	3680	Als die Abgase kamen musste er sich hier übergeben.
818170	823100	4930	Wir flüchteten ins Haus. Aber die Gase kamen zu uns rein.
823230	829020	5790	Mein Vater war im Zimmer da drüben und hustete schwer.
830510	833350	2840	Später brachten Helfer Priscahs Vater ins Spital,
833500	838870	5370	wo Bernard Mutale am 17. August im Alter von 69 Jahren verstarb.
839960	844070	4110	Nachdem was unsere Ärzte mit den lokalen Ärzten besprochen haben,
844290	846870	2580	glauben wir nicht, dass Herr Mutales Tod irgendetwas
846950	850950	4000	mit dem kleinen Schwefelleck im August zu tun hatte.
851060	853710	2650	Das muss für sie wie Hohn klingen.
853860	856850	2990	Die Familie hatte zwar kein Geld für eine Autopsie -
857050	859210	2160	aber als Todesursache hat der Spitalarzt
859470	863730	4260	"""Inhalation of Poison"" - ""Einatmen von Gift"" vermerkt."
863910	871610	7700	Sie lassen immer noch Schwefel ab, meistens in der Nacht.
871880	875730	3850	Aber gestern auch am Tag. Wir haben jedes Mal Angst.
875960	880170	4210	Zum Glück war es nicht so stark wie beim Tod meines Vaters.
880300	883050	2750	Gleich in der Nachbarschaft: die Anlage.
883280	887930	4650	97 % der Abgase seien jetzt eliminiert, versichert Glencore.
888090	893130	5040	Wir sind unterwegs im Stadtzentrum von Mufulira.
893270	896370	3100	Wir wollen mehr über einen anderen Todesfall erfahren.
899800	903650	3850	Die prominente Distriktskommissarin Beatrice Mithin, eine Asthmatikerin,
903860	907770	3910	war am Neujahrsabend gestorben. Für ihre Familie war klar:
907990	911850	3860	Die Abgase der Glencore-Fabrik sind schuld.
911970	916490	4520	Es war der Schwefel, sie hatte sich noch darüber beklagt.
917320	920690	3370	Als wir berichteten, gab es dafür noch keine Beweise.
920800	923850	3050	In der Stadt treffen wir den Witwer.
923980	926290	2310	Er will nicht vor die Kamera,
926540	929130	2590	bestätigt aber, dass der Fall vor Gericht sei.
929310	932730	3420	Er hat Glencores Betrieb wegen Fahrlässigkeit angezeigt.
932900	939970	7070	Zu den Prozessakten gehört dieser Obduktionsbericht. Er stellt fest:
940240	946410	6170	"""Akutes Atemversagen, ausgelöst durch das Einatmen giftiger Gase"""
946520	948690	2170	habe zum Tod geführt.
948800	951650	2850	Eine traurige Geschichte,
951870	954650	2780	wir hatten eine gute Arbeitsbeziehung zu Frau Mithi.
954880	958210	3330	Leider ist diese Sache vor Gericht - ich kann sie nicht kommentieren.
958370	961210	2840	Bisher waren die Daten zur Umweltverschmutzung
961290	963770	2480	rund um das Kupferwerk unter Verschluss.
964040	966170	2130	Der Prozess, den die Familie Mithi führt,
966290	968610	2320	könnte aber exemplarisch werden.
968720	971770	3050	Denn in den Prozessakten finden wir noch mehr Brisantes,
971910	976530	4620	wie diesen Bericht der Umweltbehörde Sambias für 2013.
978140	980210	2070	Die Anlage überschritt die Grenzwerte
980390	984810	4420	für Schwermetalle und Schwefeldioxid, SO2, gleich um das Hundertfache.
984920	989810	4890	Offenbar hat sich Glencore einen Deut um Abgaslimiten gekümmert.
989920	993370	3450	Wir hatten bereits im Februar
993530	997250	3720	die Immissionen in den Wohnquartieren gemessen.
997460	1000650	3190	Die SO2-Werte lagen Dutzendfach über 20 Mikrogramm,
1000760	1005050	4290	dem Richtwert der Weltgesundheits- organisation, hier blau.
1006160	1010330	4170	Die neuen Zahlen zeigen nun, dass die Situation mitunter noch extremer war:
1010440	1014250	3810	Bis zu 5'640 Mikrogramm im Tagesmittel.
1014470	1018330	3860	Erschreckend - und akut gesundheitsgefährdend.
1019400	1022370	2970	Und hier finden wir die Messstation,
1022550	1025410.0000000001	2860	die diese extremen Werte gemessen hat.
1025680.0000000001	1029369.9999999999	3690	Sie steht auf dem Gelände einer Klinik für die Quartierbevölkerung.
1029540	1034339.9999999999	4800	Ein paar Häuser weiter wohnt Rosemary Mulongoti.
1034520	1039220	4700	Auch ihre Familie hat einen Todesfall zu beklagen.
1039390.0000000001	1043460	4070	Vor einem Jahr war ihr Mann gestorben, offiziell an Asthma.
1043589.9999999999	1045819.9999999999	2230	Er hatte eine Attacke erlitten,
1045930.0000000001	1049620	3690	als er mit dem Fahrrad in einen Abgasschwall geriet.
1049730	1054260	4530	Rosemarie versuchte, ihre Familie mit Feldarbeit durchzubringen.
1054420	1056780	2360	Wir erlebten bei unserem letzten Besuch,
1056930	1059340	2410	wie sie entdeckte, dass ihr Erdnuss-Feld
1059430	1063020	3590	von den SO2-Abgasen der Fabrik versengt war.
1063110	1067020	3910	Die Bauern wandten sich an Mopani. Und es gab tatsächlich Geld.
1069460	1074220	4760	Wir boten das an, ohne Verantwortung für den Schaden zu übernehmen,
1074380	1076620	2240	einfach als ein guter Nachbar, der versteht,
1076800	1080260	3460	dass diese Farmer es nicht leicht haben.
1080420	1083420	3000	Und alle haben unser Angebot angenommen.
1083580	1086220	2640	Das zeigt: Sie waren glücklich damit.
1086410	1090620	4210	Sie hatte 4 Monate vergeblich auf ihrem Feld gearbeitet.
1090740	1094700	3960	Allein für die Pacht und das Saatgut bezahlte sie etwa 15 Fr.
1094810	1097260	2450	Und wie viel hat sie erhalten?
1097440	1102860	5420	Sie haben mir schliesslich 20 Fr. bezahlt, wie den meisten von uns.
1102980	1106420	3440	Wir haben uns bitterlich beklagt,
1106630	1109140	2510	was sie uns gaben, war einfach zu wenig.
1109250	1115260	6010	Und es dauerte Monate, bis Juli. Aber was konnten wir denn tun?
1115370	1118780	3410	Niemand hat uns geholfen.
1119890	1122700	2810	Haben sie diese Felder beschädigt?
1122850	1126500	3650	Es gab Belege für eine Schädigung der Felder.
1126700	1130140	3440	Aber die hatte nicht zwingend mit unseren Abgasen zu tun.
1130310	1133060	2750	Unsere Messungen zeigten normale SO2-Werte.
1133280	1137260	3980	Normal? Wir suchen nach Dokumenten.
1137490	1141220	3730	In Mufulira war die Entschädigung ein Politikum.
1141370	1144620	3250	Verschiedene Amtsstellen waren involviert.
1144830	1148220	3390	Wir finden diesen Untersuchungsbericht von Mopani,
1148350	1150590	2240	dem Glencore-Betrieb.
1150740	1154230	3490	Die Effekte von SO2 waren sichtbar, heisst es darin.
1154460	1158310	3850	Und die nächste Messstation registrierte am fraglichen Tag
1158510	1163550	5040	einen deutlichen Ausschlag der Schadstoffwerte -
1163750	1166280	2530	weit jenseits der behördlichen Limiten.
1166330	1170000	3670	Weshalb erzählt uns Glencore nicht die ganze Wahrheit?
1170240	1173920	3680	Wir fahren im öffentlichen Bus hinaus aufs Land.
1174140	1176480	2340	Wir sind auf der Suche nach Anniebelle.
1176610	1179200	2590	Sie lebt ausserhalb von Mufulira.
1179440	1182480	3040	Anniebelle Musonda heisst die Schülerin,
1182650	1185760	3110	die vor unserer Kamera einen Asthma-Anfall erlitt,
1185960	1189740	3780	als Abgase der benachbarten Fabrik das Schulareal trafen.
1190000	1195830	5830	In diesem Bauerndorf ist Anniebelle zu Hause.
1195950	1198710	2760	Sie war schon früh Vollwaise
1198870	1202030	3160	und lebt in diesem Haus bei ihrer Grossmutter.
1202160	1205110	2950	Für ein Mädchen aus dem Dorf
1205200	1208870	3670	ist der Besuch einer Sekundarschule eine Chance.
1208970	1213550	4580	Ich bin traurig.
1213640	1216470	2830	Ich habe sie unterstützt, damit sie zur Schule kann,
1216630	1219270	2640	damit sie uns allen einmal helfen kann.
1219380	1221550	2170	Aber wegen diesem Gesundheitsproblem
1221710	1223950	2240	konnte sie seither nicht mehr zum Unterricht.
1224160	1227150	2990	Anniebelle sei dieser Tage bei ihrem Onkel in der Stadt,
1227350	1230550	3200	sagt uns die Oma, dort sei sie näher beim Spital.
1230800	1235550	4750	Zurück in der Stadt finden wir Anniebelle, rechts,
1235640	1237550	1910	in Begleitung einer Freundin.
1237760	1240670	2910	Anniebelle ist 16, ihr Berufswunsch: Ärztin.
1240900	1244150	3250	Die Asthma-Attacke im Frühjahr war ihre erste.
1244210	1248910	4700	An dem Tag war ich das letze Mal in der Schule.
1249070	1252030	2960	Seither habe ich mich nie mehr richtig gut gefühlt.
1252120	1255230	3110	Ich habe manchmal Schmerzen in der Brust
1255390	1258150	2760	und mein Herz pumpt dann unregelmässig.
1258310	1261630	3320	Keine Woche geht vorbei, ohne dass es mir wieder schlecht geht.
1261740	1263550	1810	So ist das jetzt immer.
1263660	1266830	3170	Abend im Minenquartier.
1266990	1272150	5160	Unser Augenschein in Mufulira hat uns aufgewühlt. Wir reisen ab.
1272350	1276590	4240	Glencores Fabrikschlote rauchen weiter.
1282190	1286630	4440	Guten Abend, Michael Fahrbach, Leiter Nachhaltigkeit bei Glencore.
1286800	1292030	5230	"Sie haben hier an der ""Rundschau""-Theke versprochen,"
1292280	1296150	3870	dass es mit der neuen Anlage 2 Wochen dauern wird,
1296400	1299830	3430	bis sich die Situation verbessert. 7 Monate später frage ich Sie:
1299920	1303430	3510	Wann wird Anniebelle wieder in die Schule gehen können,
1303630	1305710	2080	ohne einen Asthma-Anfall zu erleiden?
1305830	1308670	2840	Wir untertiteln live:
1312760	1315830	3070	Ich hatte gesagt dass wir die Anlage in Betrieb nehmen, dass er doch
1315910	1316590	680	stattgefunden.
1316800	1319190	2390	Die Anlage läuft, wir sind dabei, sie hochzufahren.
1329840	1332830	2990	Wie auf den Bildern gesehen, benötigt eine so grosse Anlage eine
1332930	1334910	1980	gewisse Zeit.
1338430	1341070	2640	97 % der SO2- Emissionen werden so aus der Luft genommen.
1343330	1346190	2860	Sie haben uns die Daten erst heute mit ins Studio gebracht.
1346310	1348270	1960	Sie sollen das belegen, was sie sagen.
1352820	1356150	3330	Aber ich muss festlegen, dass es lange gedauert hat, die diese Zahlen
1356180	1357510	1330	auf den Tisch gelegt haben.
1357670	1360150	2480	Um zu zeigen, dass sich die Situation verbessert hat.
1369530	1372790	3260	Aber der CEO vor Ort hat die Aussage von Ihnen zurückgezogen, er hat
1373040	1375910	2870	gesagt, dass alles in Ordnung sei das stimmt allerdings nicht.
1376070	1378110	2040	Was sagen Sie dazu?
1380550	1384030	3480	Wir haben gesagt, dass die Anlage 97 % der Emissionen aus der Luft nehmen
1384240	1386110	1870	soll.
1386350	1389510	3160	Wir haben 500 Mio. investiert und sie muss entsprechend in Betrieb
1389630	1391670	2040	genommen werden.
1394140	1397430	3290	Heute haben wir immer wieder noch kleine Schwierigkeiten, die Anlage
1397620	1399470	1850	vollständig in Betrieb zu haben.
1401130	1404390	3260	Die Anlage ist bereits dort, ich habe Ihnen dieses Bild mitgebracht.
1417990	1421110	3120	Sie können erkennen, dass sie angefangen haben, 2007 waren wir auf
1421290	1424830	3540	den höheren Niveau, jetzt sehen Sie, auf welchem Niveau wir uns befinden.
1425040	1426870	1830	Aber sie haben mit Altlasten zu kämpfen.
1429960	1433030	3070	Sie haben im März gesagt, dass unsere Messungen plausibel sein,
1433130	1433950	820	aber etwa so hoch.
1434160	1436070	1910	Auch das war wieder nur die halbe Wahrheit.
1436880	1438230	1350	Beispiel März 2013:
1438390	1441270	2880	ein Wert von 5'640 Mikrogramm Schwefeldioxid pro Kubikmeter Luft -
1441440	1445030	3590	220-mal über dem sambischen Grenzwert!
1445230	1447790	2560	Der WHO-Richtwert liegt bei 20 Mikrogramm.
1453550	1456910	3360	Ich habe Ihnen damals gesagt, dass die Anlage eine Capturing-Quote von
1457020	1457830	810	50 % hat.
1458030	1460550	2520	Wir hatten einen Plan, um die Anlage zu modernisieren.
1465000	1467990	2990	Dieser Plan läuft bis jetzt und wir sind im Moment daran, dies
1468080	1469510	1430	umzusetzen.
1469600	1472310	2710	Wir haben im Moment noch Startprobleme, was völlig normal
1472470	1474430	1960	ist.
1475740	1479030	3290	Aber es sind klare Probleme, wir wissen genau, was Sie machen müssen.
1480130	1482910	2780	Sie sprechen von Stadt Problemen mit grossen Auswirkungen.
1483370	1486870	3500	Am 15. August kam es zu einem Leck in Ihrer Anlage.
1486960	1490350	3390	Mehrere Personen mussten ins Spital gebracht werden.
1490430	1493550	3120	Das ist der Totenschein von Bernhard Mutale -
1493720	1497430	3710	"er wurde 69 Jahre alt, Todesursache: ""Einatmen von Gift""."
1497580	1500840	3260	Werden Sie die Familie entschädigen?
1506340	1509320	2980	Ich werde keine Aussagen so den Schicksalen einzelner Personen
1509440	1509720	280	machen.
1509840	1511800	1960	Ist es Ihnen unangenehm?
1511920	1513880	1960	Damit hat es nicht zu tun.
1517450	1519920	2470	Es geht darum, dass sie mir etwas damit zeigen wollen.
1526560	1529490	2930	Aber das ist nicht meine Meinung, dass sich die Meinung eines
1529690	1531530	1840	sambischen Amtes.
1531940	1535130	3190	Es geht darum, den Standard in eine nachhaltige Zukunft zu führen.
1535250	1537170	1920	Dafür haben wir uns verpflichtet.
1537280	1539690	2410	Alle Experten sagen, dass solche Konzentrationen
1539920	1542490	2570	zu massiven Gesundheitsschäden führen müssen.
1546690	1549670	2980	20 Fr. hat Rosmarie Mulongoti für ihr kaputtes Feld bekommen.
1549840	1554510	4670	Das hat Glencore mit über 200 Bauern gemacht und sie schriftlich genötigt,
1554650	1559590	4940	auf Kompensationsforderungen zu verzichten.
1561400	1565550	4150	20 Fr. - das deckt nicht einmal die Hälfte der Pacht.
1565650	1569630	3980	Wären Sie da persönlich zufrieden?
1569850	1571990	2140	Dieser Betrag deckt die Pacht, das Saatgut, das Personal
1572190	1573950	1760	bei Weitem nicht ab.
1579550	1582590	3040	Wir haben uns mit der sambisch Behörde vor Ort zusammengesetzt.
1584930	1587590	2660	Wir haben eine Mediation durchgeführt und sind zu diesem
1587750	1589670	1920	Lösungsvorschlag gekommen.
1591770	1595030	3260	Aus dem, was wir erfahren haben, haben wir eine Zufriedenheit bei den
1595210	1597150	1940	Menschen festgestellt.
1597220	1600470	3250	Aber ihnen bleibt uns nichts übrig, weil sie keine anderen Einnahmen
1600640	1600910	270	haben.
1601010	1602950	1940	Sie haben kein Geld für Anwälte.
1603100	1605030	1930	Wären Sie mit diesem Geld zufrieden?
1609620	1612870	3250	Wir haben den Prozess so gesteuert, wie man das normalerweise macht,
1620140	1623550	3410	und haben etwas bezahlt, obwohl wir nicht anerkannt haben, dass sie für
1623690	1625230	1540	den Schaden verantwortlich sind.
1625380	1627350	1970	Wieso haben Sie also etwas bezahlt?
1632730	1635310	2580	Wir haben die Verantwortung übernommen, im Sinne einer
1635520	1637990	2470	Nachbarschaft, dass wir dort gemeinsam anwesend sind.
1638140	1640070	1930	Gibt es also einen Zusammenhang?
1641210	1644030	2820	Nein, es gibt auch andere Verhältnisse in den Gemeinschaften.
1646170	1649430	3260	Wir sind angesehene Bürger der Stadt und können nicht nicht einfach
1649470	1651430	1960	wegsehen.
1658530	1661830	3300	Ich möchte Sie daran erinnern, dass sie mir im Studio im März gesagt
1661960	1664830	2870	haben, dass man mit der Lokalregierung nach einer Lösung bei
1665050	1666470	1420	Entschädigungsforderungen suchen wird.
1666440	1668710	2270	Jetzt schreibt Ihr Unternehmen der Staatsanwaltschaft
1668810	1670310	1500	im Gerichtsfall Mithi:
1670460	1673190	2730	Wenn eine Schuld vorliege, müsse der Staat haften.
1673330	1674870	1540	Ist das einvernehmlich?
1680940	1684070	3130	Ihre Frage zweigeteilt. Zum einen habe ich gesagt, dass wir immer
1684300	1685990	1690	etwas tun, wenn Probleme auftauchen.
1686100	1688990	2890	Beispiel der Entschädigung der Bauern hat das genau gezeigt.
1689530	1692390	2860	Wir setzen uns partnerschaftlich mit der Regierung zusammen.
1692520	1694470	1950	Das machen wir auch weiterhin.
1699340	1702470	3130	Auf den 2. Teil kann ich keine Antwort geben, weil der Fall noch
1702690	1704030	1340	läuft.
1704020	1706870	2850	Ich halte fest: Ein neuer Todesfall, eine 220-fache Überschreitung
1707090	1709950	2860	des sambischen Grenzwertes, Proteste der Landarbeiter,
1710050	1712790	2740	die mit mickrigen 20 Fr. für ihre kaputten Felder
1712960	1716790	3830	abgespeist werden - das alles prallt einfach so an Ihnen ab?
1717880	1720070	2190	Bei Podiumsveranstaltungen in Zürcher Gemeinden
1720240	1722790	2550	haben Sie ausgerechnet Sambia als Vorzeigebeispiel
1723010	1725350	2340	für nachhaltigen Umweltschutz genannt.
1725540	1727870	2330	Wie tönt das wohl in den Ohren der kleinen Anniebelle,
1728030	1733310	5280	die wegen ihren Asthma-Anfällen nicht mehr zu Schule kann?
1746130	1749270	3140	Die Beispiele, die Sie nennen, zu denen stehe ich auch, sind eine
1749480	1751990	2510	Erfolgsgeschichte, die wir in Sambia geschaffen haben.
1752140	1754070	1930	Seit fast 15 Jahren arbeiten wir dort.
1755170	1757750	2580	Wir haben 16'000 Beschäftigte dort, wir haben Kliniken.
1762830	1764670	1840	das ist Ihr Werbespruch zum Schluss?
1767390	1770150	2760	Nein, das ist eine klare Strategie und eine Verpflichtung.
1771360	1774190	2830	Aber es bleiben Leute zurück und wir werden daran bleiben.
1775140	1777390	2250	Werden sehen, wie es in absehbarer Zeit aussieht.
1777360	1779070	1710	Danke, Michael Fahrbach, dass Sie sich live meinen Fragen
1779240	1780550	1310	"an der ""Rundschau""-Theke gestellt haben."
1781770	1784310	2540	Kräne - so weit das Auge reicht. Baustellen schon fast an jeder Ecke.
1784440	1787070	2630	So zumindest sieht es auf meinem Arbeitsweg ins Fernsehstudio aus.
1787250	1789790	2540	Und dieser subjektive Eindruck lässt sich objektiv bestätigen:
1789890	1792550	2660	Es brummt in der Baubranche - trotz Zweitwohnungs-Initiative.
1792640	1794430	1790	Die Umsätze steigen:
1795870	1799910	4040	Im Jahr 2003 waren es rund 14 Mrd. Fr. -
1800020	1802430	2410	im letzten Jahr bereits gegen 20 Mrd. Fr.
1802560	1804750	2190	Für die harte Arbeit auf dem Bau
1804970	1808070	3100	wird im Moment im Durchschnitt pro vollbeschäftigte Personen
1808200	1812030	3830	ein Lohn von 5'707 Fr. ausbezahlt.
1812150	1814950	2800	Ist das viel oder wenig?
1815200	1817710	2510	Die Gewerkschaften fordern mehr Lohn für die Bauarbeiter.
1817890	1821150	3260	Doch damit stossen sie beim Baumeisterverband auf Granit.
1821330	1823870	2540	Die Kontroverse verschärft sich zusätzlich daran,
1824000	1826630	2630	wie Lohndumping bekämpft werden soll.
1826890	1830150	3260	Die Hintergründe von Bruno Amrein und Fiona Endres.
1831650	1836560	4910	Auf der Grossbaustelle Freilager in Zürich wirkt eine Allianz,
1836780	1839680	2900	die es bis jetzt noch nicht gegeben hat.
1839790	1841560	1770	Der Generalunternehmer Allreal
1841690	1844520	2830	arbeitet direkt mit der Gewerkschaft Unia zusammen,
1844650	1846920	2270	um Lohndumping zu bekämpfen.
1847100	1849560	2460	Bis zu 1'200 Arbeiter von 60 Unternehmen
1849680	1852360	2680	sind gleichzeitig auf dem Areal.
1854430	1858560	4130	Von all diesen Firmen verlangt der Generalunternehmer Allreal,
1858650	1862560	3910	dass sie sich einer Risikoanalyse der Unia unterziehen.
1862730	1865360	2630	Der grosse Vorteil der Risikoanalyse ist,
1865620	1869680	4060	dass wir bereits vor Auftragsvergabe abklären können,
1869860	1874320	4460	ob der Unternehmer die gesetzlichen Bestimmungen einhält.
1874400	1877400	3000	Kann das das jetzige System nicht?
1877560	1881720	4160	Nein, wir kennen kein anderes Firmenregister,
1881940	1887200	5260	wo man die Informationen bekommt bezüglich Verstössen gegen
1887370	1893040	5670	bzw. Einhalten von arbeits- und sozialrechtlichen Bestimmungen.
1893210	1897440	4230	Die Risikoanalyse zielt auf Unternehmen und Subunternehmen,
1897650	1899800	2150	die günstig offerieren
1899980	1903560	3580	und dann die Aufträge mit unterbezahlten Arbeitern ausführen.
1903690	1905520	1830	Gerade auf Grossbaustellen
1905660	1908200	2540	fliegen immer wieder Fälle von Lohndumping auf.
1908300	1910400	2100	Die neu eingeführte Risikoanalyse
1910560	1913160	2600	sei deshalb ein unverzichtbares Instrument,
1913300	1916160	2860	sagt der Unia-Verantwortliche Nico Lutz.
1916380	1918960	2580	Wenn ein Auftraggeber einen Auftrag vergeben will,
1919180	1921520	2340	und wissen will, ob diese Firma korrekt ist,
1921670	1925960	4290	gibt es viele Informationsquellen, Paritätische Kommissionen.
1926180	1929680	3500	Wir haben 70 Gesamtarbeitsverträge, die sind regional organisiert.
1929920	1932640	2720	Man kann bei der Sozialversicherung, nachfragen,
1932800	1935520	2720	im Handelsregister oder in den Medien nachschauen.
1935780	1939000	3220	Die Frage für diese Firma ist, wo sie nachfragen muss.
1939210	1941280	2070	Das weiss sie heute nicht.
1941480	1945320	3840	Es braucht eine Stelle, die diese Informationen bündeln kann,
1945500	1949360	3860	damit eine korrekte Information möglich ist.
1949500	1952120	2620	Das kann eine Risikoanalyse bieten.
1954160	1958560	4400	Werner Messmer wirft der Unia Vertrauensbruch vor.
1958660	1961480	2820	Der Präsident des Schweizerischen Baumeisterverbands
1961590	1964280	2690	hält nichts von der Risikoanalyse.
1964430	1968080	3650	Es gebe schon ein bewährtes Kontrollsystem.
1969940	1973320	3380	Wir haben im Vertrag, dass wir miteinander ein Gericht bilden,
1973440	1976480	3040	die sog. Paritätischen Kommissionen.
1976570	1979640	3070	Wir überprüfen zusammen Firmen. Wir beurteilen zusammen Fälle.
1979820	1982960	3140	Wir sprechen Bussen oder entsprechende Massnahmen aus.
1983180	1985600	2420	Es kann nicht sein, dass jemand ausschert und sagt,
1985820	1989280	3460	er mache das ausserhalb der Paritätischen Kommission.
1989360	1990960	1600	Das ist der falsche Weg.
1993850	1998160	4310	Der Baumeisterverband blockiert nun die Lohnverhandlungen mit der Unia.
1998290	2000360	2070	Bahnhof Oerlikon am letzten Freitag.
2000620	2003480	2860	Mit Cars treffen Arbeiter von verschiedenen Baustellen
2003620	2007440	3820	zu einer sog. verlängerten Znünipause ein.
2007550	2009720	2170	Eigentlich ist es ein Ministreik,
2009830	2013480	3650	mit dem die Gewerkschafter 150 Fr. mehr Lohn fordern.
2013560	2019520	5960	Doch alle Gespräche sind abgesagt wegen der Risikoanalyse.
2019620	2022560	2940	Es ist eine totale Provokation des Baumeisterverbands,
2022670	2024800	2130	dass er die Lohnverhandlungen abbricht
2024900	2026720	1820	mit fadenscheinigen Argumenten.
2026820	2030240	3420	Das ist respektlos gegenüber den Bauarbeitern und unverständlich.
2030400	2034320	3920	Doch der Baumeisterverband will nicht über den Lohn reden,
2034530	2039320	4790	solange die Unia an ihrer Risikoanalyse festhält.
2039420	2041680	2260	Ich habe von der Unia schon gehört,
2041900	2044240	2340	dass die Firmen freiwillig unterschreiben.
2044370	2047400	3030	Was ist das für eine Freiwilligkeit,
2047520	2052320.0000000002	4800	wenn ich als Unternehmen ein Schrei- ben bekomme und unterschreiben muss,
2052460	2055400	2940	dass die Unia in alle intime Daten Einblick hat.
2055600	2058239.9999999998	2640	Und wenn ich das nicht unterschreibe,
2058370	2060560	2190	darf ich nicht einmal offerieren. Das ist Nötigung.
2060719.9999999998	2063080	2360	Diesen Vorwurf weist die Unia entschieden zurück.
2063260.0000000002	2066400	3140	Sie führt bei ihrer Risikoanalyse für jede Firma eine Recherche durch
2066520	2068120	1600	und greift dabei auch
2068330	2070679.9999999998	2350	auf vertraulichen Daten der Paritätischen Kommissionen zurück.
2070870	2074520	3650	Der Auftraggeber erhält als Resultat lediglich eine Ampelfarbe.
2074620	2077199.9999999998	2580	Grün für geringes Risiko.
2077290	2081320.0000000002	4030	Gelb für mittleres oder Rot für hohes Risiko.
2081429.9999999998	2084000	2570	Für die Unia ist das eine Ergänzung
2084090.0000000002	2087239.9999999998	3150	zu den bestehenden Baustellen- kontrollen gegen Lohndumping.
2087540	2091040	3500	Diese führen Arbeitgeber und Gewerkschaft zusammen durch.
2091260.0000000002	2094320.0000000002	3060	Wer erwischt wird, wird gebüsst und registriert.
2094540	2097400	2860	Der Haken daran: Die Informationen über die Firmen
2097510	2100680	3170	sind auf unzählige Paritätische Kommissionen verteilt
2100860	2103240	2380	und nicht zentral abzurufen.
2103350	2106480	3130	Die Risikoanalyse soll das ändern.
2106720	2109360	2640	Das Ziel ist, dass Firmen berücksichtigt werden,
2109500	2111600	2100	die sich an den Gesamtarbeitervertrag
2111760	2113760	2000	und die gesetzlichen Bedingungen halten.
2113940	2116440	2500	Und das müsste auch im Interesse der Arbeitgeber sein.
2116640	2118800	2160	Wenn sie dieses Instrument torpedieren,
2118880	2121960	3080	schützen sie v.a. die Firmen, die Dreck am Stecken haben.
2122180	2125600	3420	Im Gegenteil. Wir als Verband sind bekannt dafür,
2125790	2129240	3450	Kontrollen zu fördern, dass wir bereit sind,
2129340	2131560	2220	viel Geld in diese Kontrollen zu stecken.
2131710	2135200	3490	Wir bieten uns an, diese Kontrollen zusammen durchzuführen.
2135370	2138480	3110	Wir sind für strenge und harte Massnahmen
2138700	2141360	2660	gegenüber Unternehmern, die das nicht machen.
2141450	2144080	2630	Zurück auf dem Freilager-Areal.
2144170	2146880	2710	Auch der Kommunikationschef kommt hier nur auf die Baustelle,
2146980	2149000	2020	wenn er seinen Fingerabdruck abgibt.
2149140	2151440	2300	Seit diesem Jahr haftet der Generalunternehmer mit,
2151550	2154120	2570	wenn es zu Lohndumping kommt.
2154330	2157360	3030	Allreal hat deshalb die Sicherheitsmassnahmen verschärft -
2157510	2161040	3530	und sieht die Risikoanalyse als Teil davon an.
2161130	2163720	2590	200 Firmen haben sich bereits prüfen lassen.
2166050	2169370	3320	Einzelne Unternehmen wollten nicht mitmachen, das sei opportun.
2169540	2171970	2430	Die meisten Unternehmen haben mitgemacht.
2172050	2175050	3000	Sie haben die Möglichkeit genutzt,
2175190	2178050	2860	eine Risikoanalyse erstellen zu lassen.
2178140	2181610	3470	Dadurch können wir einerseits die Haftungsrisiken minimieren,
2181800	2184170	2370	die wir als Generalunternehmen haben.
2184280	2185850	1570	Anderseits können wir
2186000	2188810	2810	die Qualität der verteilten Arbeiten sicherstellen.
2188990	2192930	3940	Der Streit um die Risikoanalyse kreiert unerwartete Allianzen.
2193090	2196170	3080	Da arbeitet plötzlich ein grosser Generalunternehmer
2196220	2198370	2150	mit der Unia zusammen.
2198540	2202570	4030	Dafür wird diese von einer anderen Gewerkschaft frontal angegriffen.
2202790	2207250	4460	Die Gewerkschaft Syna stellt sich auf die Seite des Baumeisterverbands
2207340	2210530	3190	und von 14 Fachverbänden des Baugewerbes.
2210630	2213170	2540	Sie alle laufen Sturm.
2213320	2217810	4490	Auch die Syna ist der Meinung, dass das bisherige Kontrollsystem genüge.
2220560	2222210	1650	Klar macht mich das wütend,
2222300	2224770	2470	denn letztlich sind unsere Mitglieder genauso davon betroffen.
2224950	2227090	2140	Es kann nicht sein, dass eine Organisation vorprescht,
2227280	2229690	2410	und die anderen am Schluss darunter leiden müssen.
2229790	2231850	2060	Das wollen wir nicht, das ist Mist.
2233760	2236370	2610	So ist in diesem Herbst alles etwas anders als gewohnt.
2236480	2238730	2250	Die Unia kämpft an mehreren Fronten,
2238870	2242090	3220	dabei hoffen die Mitglieder v.a. auf mehr Lohn.
2243250	2247930	4680	150 Fr. ist noch wenig, denn die Lebenskosten gehen ständig rauf.
2248190	2251410	3220	Zusammen mit meinen Kollegen kämpfe ich,
2251570	2254210	2640	damit wir wenigstens das bisschen bekommen.
2255550	2259210	3660	Die Arbeit ist hart, es gibt immer Zeitdruck und grosse Risiken.
2259350	2263210	3860	Letztes Jahr sind mehr als 20 von uns tödlich verunfallt.
2263460	2267690	4230	Es wird immer mehr verlangt, Firmen machen immer mehr Profit.
2267910	2271650	3740	Und wir haben dann die Schäden im Alter.
2271830	2275970	4140	Doch Nico Lutz kann diese Argumente nicht ins Feld führen.
2276190	2280650	4460	Der Baumeisterverband will nicht verhandeln - wegen der Risikoanalyse.
2282590	2284610	2020	Das ist ein reiner Vorwand.
2284760	2287930	3170	Im September hatten wir das erste Lohngespräch,
2288060	2293410	5350	da hat der Baumeisterverband diese Aktivitäten nicht erwähnt.
2293510	2298250	4740	Ist diese Diskussion um die Risikoanalyse
2298340	2301610	3270	nicht einfach ein Vorwand, damit man nicht über Löhne sprechen muss?
2301710	2304210	2500	Sorry, wenn ich erst lachen muss.
2304360	2307650	3290	Ich komme darauf zurück, was ich zu Beginn sagte.
2307810	2310490	2680	Wir haben ein Ritual, daran habe ich mich gewöhnt.
2310610	2314610	4000	Wir haben uns noch nie geweigert, Lohnverhandlungen zu machen,
2314830	2317450	2620	auch wenn die Forderungen total übertrieben waren.
2317610	2320450	2840	Aber dieses Mal schon? Nein, wir wollten antreten.
2320590	2322290	1700	Aber das kam dazwischen.
2322440	2325610	3170	Eine Einigung scheint in weiter Ferne -
2325820	2329810	3990	die Leidtragenden könnten am Schluss rund 100'000 Beschäftigte
2329990	2331810	1820	in der Baubranche sein.
2331950	2335050	3100	Sie werden möglicherweise nächstes Jahr keinen Rappen mehr
2335160	2337050	1890	in der Lohntüte haben.
2340220	2342010	1790	Zum Schluss - in eigener Sache.
2342260	2345690	3430	"Wir von der ""Rundschau"" haben sachgerecht und nicht tendenziös"
2345910	2347970	2060	über das Kampfflugzeug Gripen berichtet.
2348190	2350130	1940	Das hat die Unabhängige Beschwerdeinstanz
2350260	2353970	3710	für Radio und Fernsehen UBI letzte Woche mit 7:2 Stimmen entschieden.
2354120	2357290	3170	Auch die erhöhte Sorgfaltspflicht - im Vorfeld von Abstimmungen -
2357440	2359010	1570	wurde nicht verletzt.
2359220	2361090	1870	Wir haben Bundesrat Ueli Maurer
2361260	2363650	2390	zudem den nötigen Respekt entgegengebracht.
2363760	2368250	4490	Die UBI hat sich damit der Meinung des SRG-Ombudsmannes angeschlossen.
2369680	2370890	1210	Das wars von uns.
2371040	2374210	3170	"""Kulturplatz"" geht später der spannenden Frage nach,"
2374450	2377130	2680	was für ein Lebensgefühl die Jugendlichen von heute umtreibt.
2377230	2380650	3420	"Vorher noch ""10vor10"" mit meiner Kollegin Daniela Lager -"
2380760	2382490	1730	und welchen Themen denn?
2382630	2385690	3060	Mit dem Neusten zu der mutmasslichen Anschlagsserie
2385810	2387450	1640	von Dschihadisten in Kanada.
2387610	2390450	2840	Mit Pro und Contra im Fokus zu den geplanten Zwangsmassnahmen
2390570	2393930	3360	für Lohngleichheit von Frau und Mann in der Schweiz.
2394150	2396370	2220	Und mit der Forderung der Kantone an den Bund,
2396490	2398330	1840	Asylbewerber müssten an der Grenze
2398500	2400770	2270	gründlicher medizinisch durchgecheckt werden,
2400870	2402490	1620	bevor sie ins Land kommen.
2402580	2404250	1670	Danke, Daniela.
2404420	2406570	2150	"Wie hat Ihnen die heutige ""Rundschau"" gefallen?"
2406740	2410810	4070	Diskutieren Sie mit auf Twitter - unter #srfrundschau.
2410970	2414330	3360	Ich bin für Sie da und wünsche Ihnen gute Tage.
2414550	2418490	3940	SWISS TXT / UT-Redaktion Zürich Sabine Näpflin, Annina Gantenbein